4294967279,558
4294967279,557
4294967278,362
4294967279,556
55,6
55,5
55,4
55,3
55,2
55,1
55,0
4294967279,555
54,4
54,3
54,2
54,1
54,0
4294967279,554
53,6
53,5
53,4
53,3
53,2
53,1
53,0
4294967278,361
52,4
52,3
52,2
52,1
52,0
51,4
51,3
51,2
51,1
51,0
4294967279,553
50,5
50,4
50,3
50,2
50,1
50,0
4294967279,552
49,6
49,5
49,4
49,3
49,2
49,1
49,0
4294967279,551
4294967278,360
4294967278,359
48,5
48,4
48,3
48,2
48,1
48,0
47,5
47,4
47,3
47,2
47,1
47,0
4294967278,358
46,6
46,5
46,4
46,3
46,2
46,1
46,0
45,6
45,5
45,4
45,3
45,2
45,1
45,0
44,5
44,4
44,3
44,2
44,1
44,0
43,5
43,4
43,3
43,2
43,1
43,0
4294967278,357
42,6
42,5
42,4
42,3
42,2
42,1
42,0
4294967278,356
4294967278,355
41,6
41,5
41,4
41,3
41,2
41,1
41,0
4294967278,354
4294967279,550
4294967278,353
4294967294,438
4294967294,184
4294967294,81
4294967279,549
40,5
40,4
40,3
40,2
40,1
40,0
4294967279,548
4294967279,547
4294967279,546
4294967294,1082
4294967278,352
4294967279,545
4294967278,351
4294967279,544
4294967278,350
39,6
39,5
39,4
39,3
39,2
39,1
39,0
4294967279,543
4294967278,349
38,5
38,4
38,3
38,2
38,1
38,0
4294967279,542
4294967278,348
4294967278,347
4294967279,541
37,6
37,5
37,4
37,3
37,2
37,1
37,0
4294967278,346
4294967279,540
4294967279,539
4294967279,538
36,5
36,4
36,3
36,2
36,1
36,0
4294967279,537
4294967279,536
4294967294,1081
4294967294,1080
4294967279,535
4294967278,345
35,6
35,5
35,4
35,3
35,2
35,1
35,0
4294967279,534
4294967294,1079
4294967294,468
4294967278,344
4294967279,533
34,5
34,4
34,3
34,2
34,1
34,0
4294967278,343
33,4
33,3
33,2
33,1
33,0
4294967278,342
4294967279,532
4294967278,341
4294967279,531
32,4
32,3
32,2
32,1
32,0
31,4
31,3
31,2
31,1
31,0
4294967279,530
4294967278,340
4294967294,1078
4294967294,830
30,4
30,3
30,2
30,1
30,0
4294967279,529
4294967294,910
29,4
29,3
29,2
29,1
29,0
28,4
28,3
28,2
28,1
28,0
4294967279,528
27,5
27,4
27,3
27,2
27,1
27,0
4294967279,527
4294967278,339
4294967279,526
4294967278,338
4294967279,525
26,5
26,4
26,3
26,2
26,1
26,0
4294967278,337
4294967279,524
4294967278,336
4294967279,523
25,5
25,4
25,3
25,2
25,1
25,0
24,5
24,4
24,3
24,2
24,1
24,0
4294967278,335
4294967278,334
23,5
23,4
23,3
23,2
23,1
23,0
4294967279,522
22,5
22,4
22,3
22,2
22,1
22,0
4294967278,333
4294967278,332
4294967279,521
4294967278,331
21,5
21,4
21,3
21,2
21,1
21,0
4294967279,520
4294967279,519
4294967279,518
4294967278,330
4294967279,517
20,5
20,4
20,3
20,2
20,1
20,0
4294967278,329
4294967279,516
4294967279,515
4294967279,514
19,6
19,5
19,4
19,3
19,2
19,1
19,0
4294967278,328
4294967278,327
4294967279,513
4294967278,326
4294967278,325
18,5
18,4
18,3
18,2
18,1
18,0
4294967278,324
4294967279,512
4294967279,319
17,4
17,3
17,2
17,1
17,0
4294967278,323
4294967278,322
4294967279,318
4294967278,321
4294967279,317
4294967279,316
4294967279,315
4294967278,320
16,7
4294967278,255
4294967279,314
4294967278,319
4294967279,313
4294967279,312
4294967278,318
4294967279,311
4294967278,317
4294967278,316
4294967279,310
4294967279,309
4294967278,315
4294967279,308
16,6
16,5
16,4
16,3
16,2
16,1
16,0
4294967278,314
4294967278,313
15,5
15,4
15,3
15,2
15,1
15,0
14,7
4294967279,307
4294967278,312
4294967279,306
4294967278,311
14,6
